0.07529091835021973
0.03844928741455078
0.03926491737365723
0.043730974197387695
0.04417586326599121
0.04199504852294922
0.04160141944885254
0.04481101036071777
0.035381317138671875
0.045433759689331055
0.04328560829162598
0.04442477226257324
0.03139352798461914
0.04341316223144531
0.03849053382873535
0.05150103569030762
0.03928256034851074
0.03162837028503418
0.03775525093078613
0.034246206283569336
0.03846931457519531
0.04915881156921387
0.044184207916259766
0.03458809852600098
0.16943621635437012
0.037930965423583984
0.0386502742767334
0.04709577560424805
0.04493379592895508
0.03794097900390625
0.038970947265625
0.04455733299255371
0.03781270980834961
0.03904438018798828
0.03936624526977539
0.038530826568603516
0.04346752166748047
0.03793501853942871
0.04536771774291992
0.04168248176574707
0.03872823715209961
0.04289555549621582
0.04287910461425781
0.03967738151550293
0.04065561294555664
0.0419156551361084
0.0384974479675293
0.0546422004699707
0.16853833198547363
0.04775094985961914
0.04483485221862793
0.03954339027404785
0.04071998596191406
0.04202008247375488
0.037644147872924805
0.04371142387390137
0.04740476608276367
0.03704094886779785
0.03853726387023926
0.03751540184020996
0.03632926940917969
0.03995060920715332
0.037752389907836914
0.03758668899536133
0.03909611701965332
0.045258283615112305
0.04096674919128418
0.03943347930908203
0.04108405113220215
0.029732704162597656
0.03955268859863281
0.04577231407165527
0.11392021179199219
0.03954029083251953
0.03490185737609863
0.037308692932128906
0.03344559669494629
0.03875231742858887
0.03867197036743164
0.03923320770263672
0.03543901443481445
0.037520647048950195
0.04004931449890137
0.03373861312866211
0.0377345085144043
0.03861212730407715
0.04154396057128906
0.041751861572265625
0.04036116600036621
0.032296180725097656
0.04876565933227539
0.03747820854187012
0.038878679275512695
0.040850162506103516
0.03722953796386719
0.038596391677856445
0.11161422729492188
0.030610322952270508
0.03948616981506348
0.029541730880737305
0.039853811264038086
0.03716588020324707
0.03739356994628906
0.04664492607116699
0.038541555404663086
0.0395050048828125
0.03874826431274414
0.026135683059692383
0.04072761535644531
0.04278230667114258
0.03784012794494629
0.0417628288269043
0.04276323318481445
0.039739131927490234
0.039133548736572266
0.039015769958496094
0.037564754486083984
0.03835797309875488
0.037732601165771484
0.038993120193481445
0.10977983474731445
0.03642559051513672
0.03774738311767578
0.03547859191894531
0.048581600189208984
0.0427858829498291
0.045125722885131836
0.03892803192138672
0.03865218162536621
0.04159903526306152
0.03882312774658203
0.042516231536865234
0.043021440505981445
0.038810014724731445
0.03907632827758789
0.029448986053466797
0.0348353385925293
0.04357790946960449
0.03864002227783203
0.04218411445617676
0.04444575309753418
0.03778696060180664
0.037999868392944336
0.037929534912109375
0.13359308242797852
0.044319868087768555
0.02983880043029785
0.035897016525268555
0.03371262550354004
0.03512406349182129
0.03868722915649414
0.03968644142150879
0.04577898979187012
0.034548282623291016
0.04436635971069336
0.04610872268676758
0.04337310791015625
0.03751826286315918
0.04248404502868652
0.038799285888671875
0.04149770736694336
0.04130697250366211
0.04574131965637207
0.06920504570007324
0.035025596618652344
0.04165053367614746
0.042764902114868164
0.04581189155578613
0.14377379417419434
0.03480935096740723
0.039250850677490234
0.03943777084350586
0.040758371353149414
0.03180980682373047
0.04023456573486328
0.030950546264648438
0.03630661964416504
0.03894305229187012
0.041901588439941406
0.03959202766418457
0.03792405128479004
0.03894853591918945
0.033383846282958984
0.04277539253234863
0.04209327697753906
0.04242420196533203
0.03545975685119629
0.04111742973327637
0.04471731185913086
0.04584312438964844
0.042214393615722656
0.0382997989654541
0.16556787490844727
0.04246211051940918
0.041982412338256836
0.03793191909790039
0.04302668571472168
0.03798103332519531
0.03314495086669922
0.0334014892578125
0.03974199295043945
0.0457308292388916
0.03764748573303223
0.048499107360839844
0.03957986831665039
0.041944265365600586
0.05988645553588867
0.04006314277648926
0.041756391525268555
0.03827261924743652
0.04421544075012207
0.04100823402404785
0.03397846221923828
0.0455784797668457
0.03788042068481445
0.04293251037597656
0.10818314552307129
0.0462031364440918
0.04645657539367676
0.045361995697021484
0.04191184043884277
0.04458022117614746
0.039859771728515625
0.038811445236206055
0.03857779502868652
0.03880810737609863
0.03844165802001953
0.03892874717712402
0.03956127166748047
0.04203987121582031
AVG 0.044072045450625215
